21
441
0 0 1.000000
0 1 1.158500
0 3 0.861000
0 4 182.500000
0 5 0.958000
0 6 1.566000
0 7 1.757000
0 8 8.310000
0 9 96.200000
0 10 5.740000
0 11 19.450000
0 12 1545.000000
0 13 11.250000
0 14 11.600000
0 15 7.460000
0 16 4.320000
0 17 25.100000
0 18 395.000000
0 19 37.200000
0 20 20.900000
0 21 1.560000
1 0 0.863185
1 1 1.000000
1 3 0.743202
1 4 157.531290
1 5 0.826931
1 6 1.351748
1 7 1.516616
1 8 7.173069
1 9 83.038412
1 10 4.954683
1 11 16.788951
1 12 1333.621062
1 13 9.710833
1 14 10.012948
1 15 6.439361
1 16 3.728960
1 17 21.665947
1 18 340.958136
1 19 32.110488
1 20 18.040570
1 21 1.346569
3 0 1.161440
3 1 1.345528
3 3 1.000000
3 4 211.962834
3 5 1.112660
3 6 1.818815
3 7 2.040650
3 8 9.651568
3 9 111.730546
3 10 6.666667
3 11 22.590012
3 12 1794.425087
3 13 13.066202
3 14 13.472706
3 15 8.664344
3 16 5.017422
3 17 29.152149
3 18 458.768873
3 19 43.205575
3 20 24.274100
3 21 1.811847
4 0 0.005479
4 1 0.006348
4 3 0.004718
4 4 1.000000
4 5 0.005249
4 6 0.008581
4 7 0.009627
4 8 0.045534
4 9 0.527123
4 10 0.031452
4 11 0.106575
4 12 8.465753
4 13 0.061644
4 14 0.063562
4 15 0.040877
4 16 0.023671
4 17 0.137534
4 18 2.164384
4 19 0.203836
4 20 0.114521
4 21 0.008548
5 0 1.043841
5 1 1.209290
5 3 0.898747
5 4 190.501044
5 5 1.000000
5 6 1.634656
5 7 1.834029
5 8 8.674322
5 9 100.417537
5 10 5.991649
5 11 20.302714
5 12 1612.734864
5 13 11.743215
5 14 12.108559
5 15 7.787056
5 16 4.509395
5 17 26.200418
5 18 412.317328
5 19 38.830898
5 20 21.816284
5 21 1.628392
6 0 0.638570
6 1 0.739783
6 3 0.549808
6 4 116.538953
6 5 0.611750
6 6 1.000000
6 7 1.121967
6 8 5.306513
6 9 61.430396
6 10 3.665390
6 11 12.420179
6 12 986.590038
6 13 7.183908
6 14 7.407407
6 15 4.763729
6 16 2.758621
6 17 16.028097
6 18 252.234994
6 19 23.754789
6 20 13.346105
6 21 0.996169
7 0 0.569152
7 1 0.659363
7 3 0.490040
7 4 103.870233
7 5 0.545248
7 6 0.891292
7 7 1.000000
7 8 4.729653
7 9 54.752419
7 10 3.266932
7 11 11.070006
7 12 879.339784
7 13 6.402960
7 14 6.602163
7 15 4.245874
7 16 2.458736
7 17 14.285714
7 18 224.815026
7 19 21.172453
7 20 11.895276
7 21 0.887877
8 0 0.120337
8 1 0.139410
8 3 0.103610
8 4 21.961492
8 5 0.115283
8 6 0.188448
8 7 0.211432
8 8 1.000000
8 9 11.576414
8 10 0.690734
8 11 2.340554
8 12 185.920578
8 13 1.353791
8 14 1.395909
8 15 0.897714
8 16 0.519856
8 17 3.020457
8 18 47.533093
8 19 4.476534
8 20 2.515042
8 21 0.187726
9 0 0.010395
9 1 0.012043
9 3 0.008950
9 4 1.897089
9 5 0.009958
9 6 0.016279
9 7 0.018264
9 8 0.086383
9 9 1.000000
9 10 0.059667
9 11 0.202183
9 12 16.060291
9 13 0.116944
9 14 0.120582
9 15 0.077547
9 16 0.044906
9 17 0.260915
9 18 4.106029
9 19 0.386694
9 20 0.217256
9 21 0.016216
10 0 0.174216
10 1 0.201829
10 3 0.150000
10 4 31.794425
10 5 0.166899
10 6 0.272822
10 7 0.306098
10 8 1.447735
10 9 16.759582
10 10 1.000000
10 11 3.388502
10 12 269.163763
10 13 1.959930
10 14 2.020906
10 15 1.299652
10 16 0.752613
10 17 4.372822
10 18 68.815331
10 19 6.480836
10 20 3.641115
10 21 0.271777
11 0 0.051414
11 1 0.059563
11 3 0.044267
11 4 9.383033
11 5 0.049254
11 6 0.080514
11 7 0.090334
11 8 0.427249
11 9 4.946015
11 10 0.295116
11 11 1.000000
11 12 79.434447
11 13 0.578406
11 14 0.596401
11 15 0.383548
11 16 0.222108
11 17 1.290488
11 18 20.308483
11 19 1.912596
11 20 1.074550
11 21 0.080206
12 0 0.000647
12 1 0.000750
12 3 0.000557
12 4 0.118123
12 5 0.000620
12 6 0.001014
12 7 0.001137
12 8 0.005379
12 9 0.062265
12 10 0.003715
12 11 0.012589
12 12 1.000000
12 13 0.007282
12 14 0.007508
12 15 0.004828
12 16 0.002796
12 17 0.016246
12 18 0.255663
12 19 0.024078
12 20 0.013528
12 21 0.001010
13 0 0.088889
13 1 0.102978
13 3 0.076533
13 4 16.222222
13 5 0.085156
13 6 0.139200
13 7 0.156178
13 8 0.738667
13 9 8.551111
13 10 0.510222
13 11 1.728889
13 12 137.333333
13 13 1.000000
13 14 1.031111
13 15 0.663111
13 16 0.384000
13 17 2.231111
13 18 35.111111
13 19 3.306667
13 20 1.857778
13 21 0.138667
14 0 0.086207
14 1 0.099871
14 3 0.074224
14 4 15.732759
14 5 0.082586
14 6 0.135000
14 7 0.151466
14 8 0.716379
14 9 8.293103
14 10 0.494828
14 11 1.676724
14 12 133.189655
14 13 0.969828
14 14 1.000000
14 15 0.643103
14 16 0.372414
14 17 2.163793
14 18 34.051724
14 19 3.206897
14 20 1.801724
14 21 0.134483
15 0 0.134048
15 1 0.155295
15 3 0.115416
15 4 24.463807
15 5 0.128418
15 6 0.209920
15 7 0.235523
15 8 1.113941
15 9 12.895442
15 10 0.769437
15 11 2.607239
15 12 207.104558
15 13 1.508043
15 14 1.554960
15 15 1.000000
15 16 0.579088
15 17 3.364611
15 18 52.949062
15 19 4.986595
15 20 2.801609
15 21 0.209115
16 0 0.231481
16 1 0.268171
16 3 0.199306
16 4 42.245370
16 5 0.221759
16 6 0.362500
16 7 0.406713
16 8 1.923611
16 9 22.268519
16 10 1.328704
16 11 4.502315
16 12 357.638889
16 13 2.604167
16 14 2.685185
16 15 1.726852
16 16 1.000000
16 17 5.810185
16 18 91.435185
16 19 8.611111
16 20 4.837963
16 21 0.361111
17 0 0.039841
17 1 0.046155
17 3 0.034303
17 4 7.270916
17 5 0.038167
17 6 0.062390
17 7 0.070000
17 8 0.331076
17 9 3.832669
17 10 0.228685
17 11 0.774900
17 12 61.553785
17 13 0.448207
17 14 0.462151
17 15 0.297211
17 16 0.172112
17 17 1.000000
17 18 15.737052
17 19 1.482072
17 20 0.832669
17 21 0.062151
18 0 0.002532
18 1 0.002933
18 3 0.002180
18 4 0.462025
18 5 0.002425
18 6 0.003965
18 7 0.004448
18 8 0.021038
18 9 0.243544
18 10 0.014532
18 11 0.049241
18 12 3.911392
18 13 0.028481
18 14 0.029367
18 15 0.018886
18 16 0.010937
18 17 0.063544
18 18 1.000000
18 19 0.094177
18 20 0.052911
18 21 0.003949
19 0 0.026882
19 1 0.031142
19 3 0.023145
19 4 4.905914
19 5 0.025753
19 6 0.042097
19 7 0.047231
19 8 0.223387
19 9 2.586022
19 10 0.154301
19 11 0.522849
19 12 41.532258
19 13 0.302419
19 14 0.311828
19 15 0.200538
19 16 0.116129
19 17 0.674731
19 18 10.618280
19 19 1.000000
19 20 0.561828
19 21 0.041935
20 0 0.047847
20 1 0.055431
20 3 0.041196
20 4 8.732057
20 5 0.045837
20 6 0.074928
20 7 0.084067
20 8 0.397608
20 9 4.602871
20 10 0.274641
20 11 0.930622
20 12 73.923445
20 13 0.538278
20 14 0.555024
20 15 0.356938
20 16 0.206699
20 17 1.200957
20 18 18.899522
20 19 1.779904
20 20 1.000000
20 21 0.074641
21 0 0.641026
21 1 0.742628
21 3 0.551923
21 4 116.987179
21 5 0.614103
21 6 1.003846
21 7 1.126282
21 8 5.326923
21 9 61.666667
21 10 3.679487
21 11 12.467949
21 12 990.384615
21 13 7.211538
21 14 7.435897
21 15 4.782051
21 16 2.769231
21 17 16.089744
21 18 253.205128
21 19 23.846154
21 20 13.397436
21 21 1.000000