21
441
0 0 1.000000
0 1 1.158500
0 2 0.861000
0 3 182.500000
0 4 0.958000
0 5 1.566000
0 6 1.757000
0 7 8.310000
0 8 96.200000
0 9 5.740000
0 10 19.450000
0 11 1545.000000
0 12 11.250000
0 13 11.600000
0 14 7.460000
0 15 4.320000
0 16 25.100000
0 17 395.000000
0 18 37.200000
0 19 20.900000
0 20 1.560000
1 0 0.863185
1 1 1.000000
1 2 0.743202
1 3 157.531290
1 4 0.826931
1 5 1.351748
1 6 1.516616
1 7 7.173069
1 8 83.038412
1 9 4.954683
1 10 16.788951
1 11 1333.621062
1 12 9.710833
1 13 10.012948
1 14 6.439361
1 15 3.728960
1 16 21.665947
1 17 340.958136
1 18 32.110488
1 19 18.040570
1 20 1.346569
2 0 1.161440
2 1 1.345528
2 2 1.000000
2 3 211.962834
2 4 1.112660
2 5 1.818815
2 6 2.040650
2 7 9.651568
2 8 111.730546
2 9 6.666667
2 10 22.590012
2 11 1794.425087
2 12 13.066202
2 13 13.472706
2 14 8.664344
2 15 5.017422
2 16 29.152149
2 17 458.768873
2 18 43.205575
2 19 24.274100
2 20 1.811847
3 0 0.005479
3 1 0.006348
3 2 0.004718
3 3 1.000000
3 4 0.005249
3 5 0.008581
3 6 0.009627
3 7 0.045534
3 8 0.527123
3 9 0.031452
3 10 0.106575
3 11 8.465753
3 12 0.061644
3 13 0.063562
3 14 0.040877
3 15 0.023671
3 16 0.137534
3 17 2.164384
3 18 0.203836
3 19 0.114521
3 20 0.008548
4 0 1.043841
4 1 1.209290
4 2 0.898747
4 3 190.501044
4 4 1.000000
4 5 1.634656
4 6 1.834029
4 7 8.674322
4 8 100.417537
4 9 5.991649
4 10 20.302714
4 11 1612.734864
4 12 11.743215
4 13 12.108559
4 14 7.787056
4 15 4.509395
4 16 26.200418
4 17 412.317328
4 18 38.830898
4 19 21.816284
4 20 1.628392
5 0 0.638570
5 1 0.739783
5 2 0.549808
5 3 116.538953
5 4 0.611750
5 5 1.000000
5 6 1.121967
5 7 5.306513
5 8 61.430396
5 9 3.665390
5 10 12.420179
5 11 986.590038
5 12 7.183908
5 13 7.407407
5 14 4.763729
5 15 2.758621
5 16 16.028097
5 17 252.234994
5 18 23.754789
5 19 13.346105
5 20 0.996169
6 0 0.569152
6 1 0.659363
6 2 0.490040
6 3 103.870233
6 4 0.545248
6 5 0.891292
6 6 1.000000
6 7 4.729653
6 8 54.752419
6 9 3.266932
6 10 11.070006
6 11 879.339784
6 12 6.402960
6 13 6.602163
6 14 4.245874
6 15 2.458736
6 16 14.285714
6 17 224.815026
6 18 21.172453
6 19 11.895276
6 20 0.887877
7 0 0.120337
7 1 0.139410
7 2 0.103610
7 3 21.961492
7 4 0.115283
7 5 0.188448
7 6 0.211432
7 7 1.000000
7 8 11.576414
7 9 0.690734
7 10 2.340554
7 11 185.920578
7 12 1.353791
7 13 1.395909
7 14 0.897714
7 15 0.519856
7 16 3.020457
7 17 47.533093
7 18 4.476534
7 19 2.515042
7 20 0.187726
8 0 0.010395
8 1 0.012043
8 2 0.008950
8 3 1.897089
8 4 0.009958
8 5 0.016279
8 6 0.018264
8 7 0.086383
8 8 1.000000
8 9 0.059667
8 10 0.202183
8 11 16.060291
8 12 0.116944
8 13 0.120582
8 14 0.077547
8 15 0.044906
8 16 0.260915
8 17 4.106029
8 18 0.386694
8 19 0.217256
8 20 0.016216
9 0 0.174216
9 1 0.201829
9 2 0.150000
9 3 31.794425
9 4 0.166899
9 5 0.272822
9 6 0.306098
9 7 1.447735
9 8 16.759582
9 9 1.000000
9 10 3.388502
9 11 269.163763
9 12 1.959930
9 13 2.020906
9 14 1.299652
9 15 0.752613
9 16 4.372822
9 17 68.815331
9 18 6.480836
9 19 3.641115
9 20 0.271777
10 0 0.051414
10 1 0.059563
10 2 0.044267
10 3 9.383033
10 4 0.049254
10 5 0.080514
10 6 0.090334
10 7 0.427249
10 8 4.946015
10 9 0.295116
10 10 1.000000
10 11 79.434447
10 12 0.578406
10 13 0.596401
10 14 0.383548
10 15 0.222108
10 16 1.290488
10 17 20.308483
10 18 1.912596
10 19 1.074550
10 20 0.080206
11 0 0.000647
11 1 0.000750
11 2 0.000557
11 3 0.118123
11 4 0.000620
11 5 0.001014
11 6 0.001137
11 7 0.005379
11 8 0.062265
11 9 0.003715
11 10 0.012589
11 11 1.000000
11 12 0.007282
11 13 0.007508
11 14 0.004828
11 15 0.002796
11 16 0.016246
11 17 0.255663
11 18 0.024078
11 19 0.013528
11 20 0.001010
12 0 0.088889
12 1 0.102978
12 2 0.076533
12 3 16.222222
12 4 0.085156
12 5 0.139200
12 6 0.156178
12 7 0.738667
12 8 8.551111
12 9 0.510222
12 10 1.728889
12 11 137.333333
12 12 1.000000
12 13 1.031111
12 14 0.663111
12 15 0.384000
12 16 2.231111
12 17 35.111111
12 18 3.306667
12 19 1.857778
12 20 0.138667
13 0 0.086207
13 1 0.099871
13 2 0.074224
13 3 15.732759
13 4 0.082586
13 5 0.135000
13 6 0.151466
13 7 0.716379
13 8 8.293103
13 9 0.494828
13 10 1.676724
13 11 133.189655
13 12 0.969828
13 13 1.000000
13 14 0.643103
13 15 0.372414
13 16 2.163793
13 17 34.051724
13 18 3.206897
13 19 1.801724
13 20 0.134483
14 0 0.134048
14 1 0.155295
14 2 0.115416
14 3 24.463807
14 4 0.128418
14 5 0.209920
14 6 0.235523
14 7 1.113941
14 8 12.895442
14 9 0.769437
14 10 2.607239
14 11 207.104558
14 12 1.508043
14 13 1.554960
14 14 1.000000
14 15 0.579088
14 16 3.364611
14 17 52.949062
14 18 4.986595
14 19 2.801609
14 20 0.209115
15 0 0.231481
15 1 0.268171
15 2 0.199306
15 3 42.245370
15 4 0.221759
15 5 0.362500
15 6 0.406713
15 7 1.923611
15 8 22.268519
15 9 1.328704
15 10 4.502315
15 11 357.638889
15 12 2.604167
15 13 2.685185
15 14 1.726852
15 15 1.000000
15 16 5.810185
15 17 91.435185
15 18 8.611111
15 19 4.837963
15 20 0.361111
16 0 0.039841
16 1 0.046155
16 2 0.034303
16 3 7.270916
16 4 0.038167
16 5 0.062390
16 6 0.070000
16 7 0.331076
16 8 3.832669
16 9 0.228685
16 10 0.774900
16 11 61.553785
16 12 0.448207
16 13 0.462151
16 14 0.297211
16 15 0.172112
16 16 1.000000
16 17 15.737052
16 18 1.482072
16 19 0.832669
16 20 0.062151
17 0 0.002532
17 1 0.002933
17 2 0.002180
17 3 0.462025
17 4 0.002425
17 5 0.003965
17 6 0.004448
17 7 0.021038
17 8 0.243544
17 9 0.014532
17 10 0.049241
17 11 3.911392
17 12 0.028481
17 13 0.029367
17 14 0.018886
17 15 0.010937
17 16 0.063544
17 17 1.000000
17 18 0.094177
17 19 0.052911
17 20 0.003949
18 0 0.026882
18 1 0.031142
18 2 0.023145
18 3 4.905914
18 4 0.025753
18 5 0.042097
18 6 0.047231
18 7 0.223387
18 8 2.586022
18 9 0.154301
18 10 0.522849
18 11 41.532258
18 12 0.302419
18 13 0.311828
18 14 0.200538
18 15 0.116129
18 16 0.674731
18 17 10.618280
18 18 1.000000
18 19 0.561828
18 20 0.041935
19 0 0.047847
19 1 0.055431
19 2 0.041196
19 3 8.732057
19 4 0.045837
19 5 0.074928
19 6 0.084067
19 7 0.397608
19 8 4.602871
19 9 0.274641
19 10 0.930622
19 11 73.923445
19 12 0.538278
19 13 0.555024
19 14 0.356938
19 15 0.206699
19 16 1.200957
19 17 18.899522
19 18 1.779904
19 19 1.000000
19 20 0.074641
20 0 0.641026
20 1 0.742628
20 2 0.551923
20 3 116.987179
20 4 0.614103
20 5 1.003846
20 6 1.126282
20 7 5.326923
20 8 61.666667
20 9 3.679487
20 10 12.467949
20 11 990.384615
20 12 7.211538
20 13 7.435897
20 14 4.782051
20 15 2.769231
20 16 16.089744
20 17 253.205128
20 18 23.846154
20 19 13.397436
20 20 1.000000